0.08426757559582994
0.06533997448849248
0.06069538158339423
0.05325622109880856
0.051540617839441645
0.04968542070337781
0.04693160833673434
0.04467617557593831
0.04433594920949356
0.04250628922369566
0.04061964199551054
0.03952448716101883
0.03757312417298824
0.03726514692309203
0.03500911418919091
0.0347698567653293
0.0327746738419608
0.031826090378065906
0.029515474380270856
0.029131018078407726
0.029083599076346233
0.027410113034551747
0.026473371278461034
0.02531671247168167
0.024901689105742687
0.02385525194810586
0.02388774786513668
0.022648223524762166
0.02143471860033166
0.020511884712152654
0.02060194467068524
0.019812626789349155
0.01931149621603188
0.018422701119168383
0.018793626663249893
0.01728286619323331
0.017259994362321524
0.016668347834802425
0.01736859030400713
0.01611434343598179
0.01609665504446975
0.015830859223061853
0.015831628050822933
0.01515103619428234
0.015120565618581331
0.014995306042266322
0.015047284539554033
0.015362727837553164
0.014910426108284039
0.014885776823067718
