0.2972341954708099
0.09959303682500666
0.09044563201340762
0.08254019848325035
0.06937799162485382
0.06229152645577084
0.05986373620954427
0.05945439866997979
0.05627902095968073
0.056490352343429216
0.05571538670496507
0.05813564725897529
0.0564445280215957
0.05626936277205294
0.057055268368937755
0.058318643136457966
0.05898906703699719
0.05873043869029392
0.05871258140964942
0.058682976121252235
0.058129264685240656
0.05803586109118028
0.057790521464564586
0.0588655450804667
0.060845730995590035
0.06087377084927125
0.05836737135594541
0.058068314397876915
0.06082725057547743
0.06029677370732481
0.06222556687214158
0.06123911616477099
0.06114149351011623
0.0598687543110414
0.061139894954182886
0.05934181186285886
0.060696462880481375
0.058861008828336545
0.06087407036261125
0.06096533922986551
0.059400990740819413
0.059344243122772734
0.05879266715862534
0.05977422066710212
0.0602398311549967
0.058758518844842914
0.058812142502177846
0.05893325704065236
0.0575180473652753
0.057693842663006346
0.057207701219753784
0.06000133116136898
0.058835242891853504
0.058402447944337674
0.05862853506749326
0.058481082117015665
0.05852947539903901
0.058142975582317874
0.05937582261183045
0.06056063324213028
0.05854461958462542
0.06007163619453257
0.05950686132366007
0.05886334946209734
0.05864174345677549
0.05926880084655502
0.058295432816852226
0.05871740742163225
0.05707683278755708
0.05715838535265489
0.05638931088826873
0.05661001185124571
0.05598569485274228
0.057506146281957625
0.056345133889805187
0.05627033060247248
0.05705775557593866
0.05486884604800831
0.05625563521276821
0.053991315378384155
0.053997537832368506
0.05339258143847639
0.052996556867252693
0.054630765928463505
0.052736397223039105
0.05272864631631158
0.05200152370062741
0.05229933553121307
0.053333494879982686
0.052442154423757034
0.05350878137079152
0.05304128019647165
0.051635544882579286
0.052015928991816264
0.05331956385211511
0.052540867301550775
0.051993262361396446
0.05217532413926992
0.051056750389662654
0.050595898519862785
0.05046257755973122
0.0505015258084644
0.050092243606393985
0.05080019770698114
0.05009688335386189
0.04943376129323786
0.04974302466620099
0.050611362064426596
0.04976122338663448
0.049384052780541504
0.04946071099151265
0.04899131946943023
0.04910722862590443
0.049865560978651045
0.04948373186317357
0.04961078607223251
0.049802850119092246
0.04977883693169464
0.04963372058489106
0.049737361615354365
