0.11408452196298419
0.08678660427664851
0.06679790487160554
0.056457139987934814
0.05700723078471046
0.05750752334390675
0.05578633199806686
0.05964581644884101
0.05663546141203459
0.056700148762346386
0.05744728662476346
0.05625171299923111
0.05647608369320362
0.05634919028762762
0.055955402502739754
0.057165212560075895
0.05493131102071152
0.057122273219598306
0.056971476992239825
0.057476916895793366
0.056707768491259566
0.05569801892380457
0.05608568172734063
0.05521068174962525
0.0555695031207424
0.05461813442341916
0.05578713112317764
0.0555037575866188
0.055554736372049864
0.05603202179007165
0.0555729100833068
0.05599608027317503
0.05450100095959397
0.055246148443034104
0.056838120694633
0.05513996023449812
0.055819502251373755
0.05448592776382292
0.05480423774402421
0.05608067342692667
0.0550448859093694
0.05449963042193705
0.05469597124301635
0.05480488525653208
0.05418048557397481
0.05491645120688387
0.05515949025347426
0.054203251662018066
0.05428868911422051
0.054927044657168085
0.05434352177958768
0.053927126097249554
0.0543201380484813
0.055592430805837784
0.054998660762165044
0.05498197461637828
0.05414250489693504
0.053271450437940994
0.05372624171411132
0.0546469935425767
0.05341356220814559
0.05341438563154624
0.05304620525724179
0.052895671092309395
0.05247123027639883
0.052995738413956786
0.052032732094327606
0.05311659236883258
0.051920380812507494
0.053206512385660466
0.051930474469790586
0.05269311120112737
0.052137264327422994
0.05192905050274488
0.05212292773229582
0.05285500953192109
0.05181116869186496
0.05185403426488241
0.051958635399067726
0.052484907713290806
0.05139747248576568
0.052044883471083
0.051170808623905654
0.051675033663307224
0.051410454518354694
0.051941433988578686
0.051222429333909136
0.05117126018949994
0.0508724101189826
0.051525120631800043
0.05110968384254086
0.05145338691166929
0.05087354198635161
0.05047460605163832
0.05124977551534906
0.05080744629172054
0.05092444680295549
0.05060877449609138
0.0499304935738847
0.05052890188924901
0.050134735215488856
0.050282248623065046
0.04977136605360487
0.05051207391394151
0.050505743135471605
0.04999031084547709
0.049866516344450613
0.049959132397497025
0.050572161537569923
0.04960566465449226
0.05036903880872168
0.05060846371962144
0.04976658182436818
0.05015947599266026
0.04993979240188728
0.049462379367501884
0.049623590113746154
0.04930220663480393
0.050325800673113215
0.050350620000212044
