0.08910099719021772
0.07375348852695646
0.06236607433707864
0.05391798849712621
0.0500081643831354
0.04503612668328994
0.046305980130627346
0.04146222288611236
0.04111388867704181
0.038010802942219084
0.03953398995705553
0.037412378450368974
0.036541872968276344
0.03881724959088338
0.03773117719872578
0.03722753384158955
0.035866102640022025
0.03364016112309318
0.03294187025712417
0.032486241042345494
0.03275320925623984
0.03155765704273641
0.031875037177054734
0.03050755555028314
0.03002442043643814
0.030924328628021316
0.0289922676024002
0.02903659025895166
0.029699878851035692
0.027384532380614196
0.024485713861010096
0.025385402621248283
0.02554989785694324
0.023621961004562205
0.023115633894597087
0.02258747217018862
0.023073283636623674
0.021317829084288968
0.020597894910957898
