0.10557481049148885
0.08266809686749906
0.07837646870731234
0.07845211834520907
0.07826284829292211
0.07866359002015612
0.07847209442574699
0.07832086277571884
0.07824528502585652
0.07828062557959342
0.07855480040113132
0.07847534834935858
0.07839868536537832
0.07853519842699841
0.07857653317419258
0.07859519369027636
0.07821355531881521
0.07861471273474865
0.07867357027423275
0.07823299180279981
0.07840684616753647
0.07839296254757289
0.07818534490358722
0.07828370387758221
0.07807071168009225
0.07854807501037915
0.07820184062327351
0.07858340479097925
0.0782311149948352
0.07848079569704898
0.07832959535959605
0.07821121378927617
0.07862585558144895
0.07825571953042133
0.07820476245906977
0.078086057963135
0.07826154158861788
0.0782924566317249
0.07841576447894981
0.07868324317507916
0.07829301649922724
0.07801509591507481
0.07848648867897086
0.07839245637794873
0.07831407261190114
0.07841961807361594
0.07820716043850323
0.07834758508849789
0.07853868801717286
0.07833440246077271
0.07853141265946466
0.07805019002911207
0.07807667154046866
0.07816650449961156
0.07836591821533066
0.0781594783000581
0.0783390822979781
0.07820351693678547
0.07835438142757158
0.07830945697722135
0.07820339655285483
0.07840048266692204
0.07825193940116479
0.07823896465135051
0.0781325499887939
0.0784402324541195
0.07823649015244064
0.07825874396272607
0.07804814752963213
0.07804931797557049
