0.0778185102652322
0.07446167376395818
0.06347286140730789
0.054055495691057796
0.05067789561308182
0.04491728834539383
0.039044297426133544
0.03673242547691943
0.03482109637142302
0.033557053135187774
0.03183503896165807
0.031427642103989385
0.0298022948004104
0.029281010230382282
0.027941545555451967
0.02794099431317132
0.02665338828018657
0.026675855371731897
0.02576842448497946
0.02486022082702802
0.02392272045416338
0.022987045238616766
0.02307159971311554
0.021360049611544824
0.021288625417730293
0.020667842404732295
0.019915818404574116
0.019633173674076528
0.01885459354768197
0.01804504258272884
0.01714147675178341
0.017369017982435925
0.0167065409960242
0.01592612394072988
0.0157675203019837
0.015627273710796964
0.015197946488655903
0.0144033031999595
0.01336052357261111
0.013832689934150056
0.013171126340255813
0.013085717486368643
0.012651555814889368
0.013088864966522198
0.012386638390084912
0.011830709891410562
0.01127211150486727
0.011099253906994252
0.01149155383694682
0.010743168744820732
0.010642756879967344
0.0105477573752806
0.010207175411418214
0.010040154013581373
0.009834433398167561
0.010284704525392872
0.00966128587370386
0.009230386453202448
0.008868870581290475
0.009087775091363772
0.00867868428378626
0.00860904860268305
0.008850711062214934
0.008439192493857295
0.00840115238836891
0.008448347185008429
0.007749440891013757
0.007633623054569906
0.007716072200973694
0.007611622895441345
0.0077503652769132505
0.0073406530695187076
0.007065487778032417
0.007196285201840707
0.00746087708955144
0.006792178350240663
0.007207031963762265
0.007121384064121558
0.0070268560897324
0.006926469257319564
0.0066058385576046
0.00659592772691368
0.006505211825725866
0.00666398440093339
0.006423296773940459
0.005988491856417543
0.00635068451876643
0.006240389043431696
0.006080612485708149
0.005987288275112708
0.005945272867458763
0.006161212684116788
0.005668090492789005
0.00586623187713862
0.006036417464398452
0.005905467163150509
0.005885222693905234
0.005523846969260155
0.005578192250870235
0.0058070566412900485
0.0054383168546566826
0.0052972637528033405
0.00544273749262363
0.005471807359172417
0.005312217279916277
0.005402742234805414
0.005447032223749268
0.005282987867742106
0.005433762876048415
0.005583653471910873
0.005190004919747914
0.005281826628053242
0.005061609173394941
0.005110148772563752
0.005234469441478854
0.005163820940783029
0.00519768821142681
0.005048914009134646
0.005122675224803052
0.005015961351796045
