0.10082099230976792
0.08256068808941154
0.07852116371463011
0.0784394125546421
0.07827285227474866
0.07868245482310518
0.07848891303748698
0.07836083094547461
0.07825212895467475
0.07830082360017407
0.07857574472153508
0.07844269604564787
0.07840005811807271
0.0785105987577825
0.07857358794625816
0.07860027069041321
0.0782066607797468
0.07863457423743901
0.07867665421049874
0.0782349650320169
0.07840988707837758
0.07839455458897727
0.07818545911226187
0.07828460301499109
0.07807159615126816
0.07854930204045665
0.07820275996450905
0.07858360887647749
0.07823328918836138
0.07852515366834563
0.07833049429563789
0.07821154312507526
0.07862660698257051
