0.31694581617008555
0.31690044132145967
0.31679623587564987
0.31742807247421956
0.31733095971020786
0.31662510362538426
0.3163627337325703
0.31757173402742905
0.31562820212407544
0.3139837172898379
0.314159188487313
0.31298642537810584
0.31454113694754515
0.3119367325847799
0.3102458474310962
0.30448614927855405
0.3055239203301343
0.30415652719410985
0.30018634037538006
0.29270707097920506
0.2895747011358088
0.29049220789562574
0.3031741120598533
0.2866806038401344
0.2628583154895089
0.26311456696553664
0.25138741000132125
0.23616055358539928
0.22763085907155817
0.20478438870473342
0.19699980237267234
0.19207592633637516
0.18003798072988336
0.16662785654718226
0.1581171767278151
0.13799878562038595
0.13148465102369136
0.12036688232963735
0.11351559866558422
0.09918502528559078
0.0916396939619021
0.08301762660795992
0.07942431934855201
0.07568532580679113
0.06917755488644947
0.06226451810110699
0.06227286065166647
0.0605498193339868
0.05833796120502732
0.060326910154386
0.05750920989296653
0.05981729132207957
0.05935232348062775
0.060087360712614925
0.06128902435302734
0.05738189830021425
0.05892450172792781
0.059700284525752066
0.05367154726250605
0.052258245308290825
0.04864124086770144
0.045722960951653395
0.04648327072235671
0.04473667720502073
0.048665687814354895
0.04514895237304948
0.05045380890369415
0.052535283531654965
0.0546510363844308
0.06221344555643472
0.07125852392478423
0.07571459365161982
0.0824963747777722
0.0902245900847695
0.09461018714037808
0.09369656402956356
0.09357936422933232
0.09429525096308101
0.10572888715700669
0.10320987511764873
0.105746095221151
0.09327980686317791
0.09372528039596298
0.0888220760632645
0.09717269390821456
0.08458604047244245
0.08338231688196009
0.08563315258784727
0.08024205565452576
0.0726567539979111
0.06532818688587709
0.06712172546169974
0.059882688386873766
0.05469934120774269
0.05528181479735808
0.0498222947797992
0.04951490505852483
0.04021866413002664
0.042540612986141986
0.03821648955345154
0.03444095240397887
0.032266475395722825
0.03148267001590945
0.028508617424152113
0.02608124166727066
0.023088966750285843
0.020952674390917473
0.018958507698367943
0.01722501882097938
0.01636878661811352
0.01446727133271369
0.012453181279653853
0.011278093919496645
0.009050752789798108
0.008467111842368136
0.008556275463409044
0.00685295532034202
0.005916195472871716
0.0056609031828967005
0.004389445555650375
0.004259880500930277
0.003583447292277759
0.0030201243321326646
0.0027541696750135584
0.002332235796546394
0.0020338542822917753
0.0016562559610148046
0.001460021242118356
0.0015135669128291986
0.001409371858145195
0.0011682118611960586
0.0011272658477537334
0.0009821514413819055
0.0009590477465694263
0.0009028966480400414
0.0008272316767199134
0.0008019794651772827
0.000731599324552173
0.0007001428901937536
0.0007615295535122807
0.0006645013091408394
0.0007179268355354329
0.0006884665937501598
0.000625978124497289
0.0006600293246182529
0.0006213268249253319
0.0006589090716178444
0.0006364622698377141
0.0006609730263748629
0.000671561406290328
0.0006477879878895526
0.0006398264577993277
0.000657722238578241
0.0006173882241868838
0.000625470907702534
0.0006284226769242774
0.0006354358676947992
0.0006407348666636443
0.0006463501025626266
0.0006302853458857333
0.000652277327555401
0.0005893380037212575
0.0005637089483736252
0.0005970521205612882
0.0005303844550243494
0.0005731913163220849
0.00052818872500211
0.0005292059861610389
0.0005346922516103156
0.0005372646053067663
0.0005005589130715551
0.0004877737075069242
0.0004857975471002812
0.0004110262372044169
0.00041557830541436984
0.000397144825282422
0.00042550290871242233
0.0003666984195164828
0.0003534081978035498
0.00031403097620403224
0.00031785286185119976
0.00033604020030576396
0.0002962713619291952
0.0002995191477979957
0.0002898791146104817
