0.08944716217281583
0.07485464923419394
0.07332229067210679
0.07137098552675934
0.06775592601446954
0.0638081621512905
0.06100303172930941
0.05676271172391402
0.05417167068131872
0.05152822732254191
0.05051957698421435
0.04716015130549938
0.04452603293566017
0.04412309612306926
0.04353772625662722
0.04144320623563216
0.03995933149614044
0.03870691003294678
0.037717997708970365
0.034403274154609385
0.034368738666311044
0.03355184143727964
0.03299107154210409
0.031621616568651284
0.031623946284657124
0.030752902061821106
0.030703150910568668
0.03152502610071285
0.030633376726696082
0.02773600442519596
0.027611886553869053
0.027118612928232096
0.026083866839070578
0.025626164911365188
0.025473055530440162
0.025262468788135158
0.024577685153564892
0.0248612446358075
0.023563458810786943
0.02382146620804125
0.026224820253749687
0.025910101042271736
0.024920669426252175
0.023985505280261103
0.023653477958932117
0.023973588101767206
0.023473551312276908
0.0234012619953032
0.02357546405380105
0.023700220669779153
