0.3131986301053654
0.29908905896273524
0.2558460227467797
0.1802103969183835
0.11269776563752781
0.08454888517206366
0.07762769514864142
0.07331700013442473
0.07059737701307643
0.06648107272657482
0.06427622200413184
0.0612597830593586
0.05584120330485431
0.05662161193110726
0.05443619828332554
0.053428305211392316
0.053098660842938857
0.051626214452765204
0.04797493097457019
0.05012582791122523
0.047976856915788214
0.04620806188745932
0.046069829165935515
0.042763403193517166
0.04038642231713642
0.03953653675588695
0.03813419636677612
0.03636980134655129
0.03668505298820409
0.036496666818857194
0.03519534326412461
0.03304603160782294
0.03254570998251438
0.032620510831475255
0.03192774920978329
0.03024887191978368
0.03087534559043971
0.029714779589663853
0.02931018177081238
0.028835890340534125
