0.31687140518968754
0.3168359875679016
0.31653194725513456
0.31751573465087196
0.3176260075785897
0.3163683658296412
0.3155650182203813
0.316805422576991
0.3139222378080541
0.3129083660515872
0.3144078482281078
0.3125583388588645
0.31533118188381193
0.3139284784143621
0.3105136454105377
0.3106202943758531
0.31025199727578595
0.3127615039998835
0.30769043293866244
0.3085263349793174
0.3088085161014037
0.30140822475606743
0.30515131245959887
0.29628859487446874
0.28525073501196774
0.2823937012390657
0.27301967469128696
0.27599297057498584
0.2574859321117401
0.24227804975076156
0.2273499908772382
0.2289543780413541
0.21643512465737083
0.2094518073580482
0.19501842693849045
0.18668046255003323
0.18263716331937097
0.1758387722752311
0.17089453068646518
0.16583189923654904
0.16371219957416708
0.15864498967474158
0.156626142967831
0.15650043975223193
0.15323871319944207
0.15557823099873283
0.15437379763884979
0.1535222354260358
0.15385992567647588
0.1521047432314266
0.15335788103667172
0.15145443948832424
0.15218888277357276
0.1525239810347557
0.15238262577490372
0.15125718049027703
0.15168149484829468
0.1521148753437129
0.1513463411818851
0.15131613422523846
0.15231209031560206
0.14970235147259453
0.14845353094014255
0.14935223013162613
0.14806542518464003
0.14883339784362098
0.15023008571429686
0.14907581846822393
0.1525392704389312
0.1538960580121387
0.15672376250678843
0.16025316606868398
0.16441582481969486
0.16614591438661921
0.1754470784555782
0.17548055296594448
0.18437951640649275
0.18210530416531998
0.19294660741632635
0.1947808623313904
0.19444914135065947
0.19106797006997195
0.19858886382796548
0.1956727212125605
0.19471152858300642
0.1899830923839049
0.18971833749250933
0.18870465484532442
0.18299105357040057
0.1839588151736693
0.1824509710073471
0.19281636503609745
0.18907594789158214
0.18086253702640534
0.17788860296661205
0.17707435976375233
0.17030967772006989
0.17170377807183698
0.16894044252959164
0.1670247122645378
0.16391886337236924
0.16118900274688547
0.15974747077985244
0.15904268771409988
0.15703070813959294
0.15660000091249293
0.15521315214308826
0.15317928303371775
0.15014116520231421
0.15023854781280865
0.15090487599372865
0.14800565892999823
0.14741723537445067
0.14678263677792117
0.14612645357847215
0.14569116194139828
0.1445283681154251
0.14366437806324525
0.14462964683771135
0.14335737824440004
0.1426676025444811
0.1413318079980937
0.14282946139574051
0.1420063165101138
0.14127807061780584
0.1405197643420913
0.14064496823332526
0.13955843231894755
0.13980601470578802
0.1403262588110837
0.13962951532819054
0.13932300115173513
0.1394701044667851
0.13937747884880414
0.1388137706301429
0.13835686025294391
0.13814177215099335
0.13963821489702571
0.13851070891727102
0.13912241675636985
0.13816673186692324
0.1382115578109568
0.13916721520098774
0.13861336410045624
0.13832008987665176
0.138474825295535
0.13848161033608697
0.13732896894216537
0.1379493381489407
0.13889834515073082
0.13778830035166306
0.13833167512308467
0.13819382840936834
0.13837328512560237
0.13806612274863503
0.13842280547727237
0.1390951628034765
0.13881340324878694
0.13884300806305624
0.13865442248907955
0.1380837379531427
0.13816842341964894
0.13824696974320846
0.13768898072567853
0.1376675149256533
0.13685037723996424
0.13709537034684963
0.13816670260646127
0.1368258924646811
0.13735956075516614
0.1367095336318016
0.13650948838754134
0.13540000874887814
0.1340930689464916
0.134061658653346
0.13305356841195715
0.1281929601322521
0.12730098488655958
0.12293840497732163
0.12358986979181116
0.12873621975833718
0.14905262901024385
0.16723411706360905
0.1587564992633733
0.151267856630412
0.15269148024645718
0.1513270531188358
0.1481743422421542
0.13777748102491552
0.1389974678104574
0.12412160743366588
0.10893947543068365
0.09886517050591383
0.10412813804366372
0.10963970856233077
0.09302707781845873
0.08831467669118534
0.08683864596215161
0.07553843253038146
0.07136325389146805
0.06670809232375839
0.060282547907395796
0.05633008090609854
0.05656538666649298
0.052467191557992586
0.046547312865203076
0.046542256054553116
0.03979744999246164
0.036961923776702446
0.03226986818692901
0.03130678693679246
0.02717971507121216
0.025506834702735598
0.02259059599177404
0.021005024896426635
0.01904722252352671
0.01609670291231437
0.015056906843727286
0.013342809465459802
0.011163518721745773
0.009808427434075962
0.008174885995686054
0.006838301704688506
0.006236591562628746
0.0050869189456782555
0.004494691885669123
0.0038769286972555246
0.0036024457394060764
0.0028119600399143315
0.002501189442012798
0.0023186965168199756
0.0018670413696037775
0.0017160393064841629
0.0015030760794285346
0.0015824067999016154
0.0013593084903814915
0.001247911948964677
0.0011315011504021558
0.001147857166572728
0.0010861093781634487
0.0009717553218995983
0.000999071753308685
0.00103461920093237
0.0008904427274087952
0.0009002209260043773
0.0009001909342425113
0.0009157694939693267
0.0009149163151794875
0.0008234305804680017
0.0008234472273298623
0.0008579831041226332
0.0009325920133216476
0.0008984339841514487
0.0008610896120609885
0.0009060900658369065
0.00094604719620706
0.0009079179668333382
0.000864658744963394
0.0008106687757059593
0.0008224261956374077
0.0008411037836181508
0.0007718695851508528
0.0008418109596029602
0.0007709532886193218
0.0008089113387871873
0.0007741175464947115
0.0008157788341949609
0.0007237004677087746
0.000756244728108868
0.0007461920269468629
0.0007497388044033538
0.0006928083804351362
0.0006936970976477658
0.0007850945318668065
0.0006862057409968904
0.000671757715860043
0.0006510449393483048
0.0007593031739816069
0.0007423311699478125
0.0009016259329986166
0.000986877564256164
0.0011826425589705732
0.0014969518683342771
0.0020861070941795004
0.003089578144929626
0.0052020054098896006
0.008702854702079838
0.014113372581248933
0.022353609346530655
0.030795930190519853
0.037691104276613756
0.049455242604017256
0.06489188467914409
0.06988710124384273
0.0767925622111017
0.08964999284256589
0.09355598742311651
0.08784345550970597
0.09207783043384551
0.08355601328340444
0.07858519750562581
0.06999740783463825
0.06814027354121208
0.06555336219343272
0.05751004855741154
0.05501037419519641
0.04860766679048538
0.04487176547673616
0.03832419101487507
0.03601253215562213
0.031592884287238124
0.027471029995517298
0.024437947063283488
0.024237368171187965
0.018812904083593325
0.01839686171575026
0.01622739617120136
0.01442592309110544
0.011307883804494684
0.010063676612282342
0.009377255764874545
0.007790364748374982
0.006488543181595477
0.006049319530244578
0.004921946699985049
0.004611642798408866
0.003767398238944059
0.00334266871213913
0.002899686630222608
0.0026391098868440497
0.002114104289053516
0.001974166176197204
0.0016013831323520703
0.0016197590294971386
0.001466341584455222
0.0013220000207762826
0.0011910552719861945
0.0012254019172608175
0.0011308020086620342
0.0010272721124982291
0.0010203779473985462
0.00094266530464996
0.0010181630321312695
0.0009082836384715682
0.0009011125742373141
0.0008797712116078897
0.0009228385265239261
0.0008751242331610146
0.000843230319018899
0.000904442623405802
0.0008553027561654082
0.0008225246057422323
0.0008955848874227906
0.0008696138705338606
0.0009381175517443229
0.0008621147383978083
0.0008464351301716471
0.0008625701514326713
0.0008703595746985891
0.000844082998810336
0.0008624581265559589
0.0007976343379017304
0.0007855033539023927
0.0007965038578152995
0.0008366679545195604
0.0007820666026832028
0.0007489463917657056
0.0007497327783229676
0.0007356723209589042
0.0007031249956608835
0.0007635308429598808
0.0006735800188669766
0.0006221890407191082
0.0006416483480610292
0.0006574514041527768
0.0006545428906313398
0.000710215542296117
0.0006973869669970802
0.0006931573136667298
0.0007818458855829456
0.000904043150049719
0.0010171313082206655
0.0013315596638924696
0.0019526521421291611
0.0027886770136485045
0.004444245083934881
0.007156977700916204
0.012164849991148169
0.018015284785492854
0.024873153560540893
0.03421647101640701
0.04667544314129786
0.05510931956497106
0.0665843244980682
0.0770282471044497
0.08173478252508423
0.08739629326896234
0.0937648975036361
0.08257039324803786
0.07114073586734858
0.06877087984572758
0.06624258959835226
0.06196511028842493
0.0526493059640581
0.04579099298200824
0.04542850570922548
0.04081440954045816
0.03424040658230131
0.031432224132797934
0.02953199146484787
0.026192424141547897
0.02268792368810285
0.02007604685019363
0.018670970167626033
0.015866308252919802
0.013907843235541473
0.012370631259612061
0.011595672225071626
0.009810107734731652
0.009431796334683894
0.007596753944050182
0.006093166734684598
0.005638206872919744
0.004770558568733659
0.0042242718310180035
0.0035836901515722275
0.0029805106491866437
0.002514615676111796
0.0022907099220901726
0.0018950910053469917
0.001609691096977754
0.001341562483205714
0.0013938290998339654
0.0014211935488591817
0.0011713682578622618
0.001002179311101579
0.000978855639484457
0.0008325133451514623
0.0008780933281576092
0.0008731892517640849
0.0007607880175452341
0.0008167168395382098
0.0008194791856856847
0.0007141705919903788
0.000772539995060387
0.0007356874041513286
0.0007594960127872499
0.0007163457768249579
0.000753236620221287
0.0006764476986559616
0.0007254039445383982
0.0007538585315077481
0.0006829766366122799
0.000721082412531938
0.0006961672291667624
0.0007314534794369882
0.0007052451954223215
0.0007313370625276796
0.0007093743759800088
0.0006901291373651475
0.0006502857024315745
0.0006697824425910685
0.0007439720735419542
0.0006524453304750337
0.0006523101495324888
0.0006607278895733709
0.0006667347963560711
0.0006095758533443917
0.0005872083240484988
0.0005655082598836585
0.0006046351082411341
0.0006282046463721516
0.0005371205585437234
0.0005355204624885862
0.0005840618782465092
0.0005633299553830346
0.0005882776083043692
0.0006006340771405534
0.0005665039209733632
0.000622474882137877
0.0006388403591699899
0.0008501860810528425
0.001085345180366527
0.0013573958125727421
0.0019432435235516592
0.003125157296149568
0.005071398730135777
0.008027501565150238
0.01322761470959945
0.021053543940863825
0.03173953613097018
0.05615498721599579
0.07517955757000229
0.09021227251399647
0.10259998908097094
0.1015278275040063
0.0959602714939551
0.10008307343179529
0.08344433747909286
0.07410064888271418
