0.07718616824697803
0.07013903890509864
0.05664026572763383
0.050290872066004855
0.041531417938368814
0.03789421164237701
0.03589478730819784
0.03463206316033999
0.03370951159714578
0.03273653374934519
0.03191913838859077
0.031203220615180226
0.029470482153130008
0.028934904449694866
0.028263801499060145
0.027656550947073345
0.026414997045051406
0.02581767956013078
0.025168220093054278
0.024212582280171348
0.023850252684037964
0.023562853333649336
0.022705678660254757
0.021487483670851133
0.021173690529624083
0.021291963898719433
0.019336647320505197
0.019330102572771343
0.018464744619622424
0.017677507950580335
0.017036996387482226
0.01664965036786623
0.01674452481103373
0.015901855763618473
0.014964346245333954
0.01429914709113471
0.014776225533202157
0.014707697291128538
0.013344623156831608
0.013348072859550919
0.012573292197844197
0.012569589313824434
0.012254627794866357
0.011809738919239593
0.01191979776732288
0.01098185673205031
0.01067760321605313
0.010346736964509563
0.010724110478484953
0.010166249355418724
0.010291310622952543
0.009885619742678362
0.009945694424279101
0.009296449589299725
0.00917510232711966
0.008852141372322498
0.008893740879422104
0.008524382153425264
0.008250361312650613
0.008217326176629678
0.008172891553709502
0.008272593379490547
0.0077667044274307585
0.007468085509498377
0.007595154377086474
0.007413913187495357
0.007393512151178879
0.007306429301598319
0.007177857396838901
0.007029050961136818
0.006567007731981911
0.00641900775660467
0.0065447195529568574
0.006412376026698464
0.006742559207670458
0.006635315254800492
0.006323636578698014
0.006301855949500391
0.006295272218365525
0.006359038385772356
0.006071247128971122
0.006002622589401834
0.005723594834709221
0.005768952169665345
0.005890493952409104
0.005907420587079885
0.005726260628114949
0.005466276477720286
0.005635602693367112
0.005562224989622697
0.0058355870161641826
0.005495046165788563
0.005520424629385407
0.005540972286080186
0.005396313468195699
0.0053316370336557025
0.005205452402315296
0.005003670832511407
0.00514082490835708
0.004930405508357662
0.005045541732043431
0.004916913899685348
0.005032032602340789
0.00503495138407022
0.00457363796151906
0.004757948559583039
0.004780032927891961
0.004878206784744655
0.004806602791136315
0.004623116314964923
0.0048108617733190724
0.004818303997183705
0.0047711851872369515
0.004861440698339327
0.005054775277270122
0.004780970271550925
0.00465891755664268
0.0045147029460651114
0.004535018332168326
0.004651846655703208
