0.3169756445017728
0.31704734726385636
0.31658013625578446
0.3174133392897519
0.3179865100167014
0.31606419628316706
0.31549231139096345
0.31742264167828993
0.314886272224513
0.3134638770060106
0.3136064225977117
0.3116977572441101
0.31414503102952784
0.3148425042629242
0.31029449213634835
0.3106400289318778
0.3151583484627984
0.3114898535338315
0.30757657966830515
0.306458886645057
0.30304698591882534
0.29949145940217103
0.30809672691605305
0.2982046885923906
0.28559131026268003
0.2776936788450588
0.26767496412450614
0.2625005285848271
0.24856260852380233
0.23310968740419907
0.2201421098275618
0.2246108748696067
0.2084406543861736
0.20245865908536045
0.19328193935480983
0.18646746630018407
0.1840715765953064
0.1767507417635484
0.17244602197950537
0.1671974163163792
0.1632799731059508
0.16223497323014519
0.15979280160232023
0.15626259771260348
0.15566736988045954
0.15591276288032532
0.15590326582843608
0.1548380521210757
0.15534413470463318
0.15401139584454623
0.1547745873982256
0.1547087779099291
0.15326561589132656
0.15465415296229448
0.15456825156103482
0.1535805660215291
0.15346578684720127
0.15461931309916757
0.15348967814987355
0.15339332548054782
0.1528040125966072
0.15140375440770928
0.152332388270985
0.15172902156006207
0.14820886823264035
0.1491635279221968
0.15164219737052917
0.14999876808036458
0.15181169604713265
0.1510318860411644
0.15326209569519217
0.15603807825933802
0.15546391172842547
0.1568524181842804
0.16050276078961112
0.16301773204044862
0.1620220272378488
0.16374349756674333
0.17119378555904735
0.2138085116039623
0.20841138173233378
0.19438029459931633
0.19848858592185106
0.18573645868084648
0.18631843626499175
0.1889741136269136
0.19000818295912308
0.2167932551015507
0.28733528608625586
0.27209833454002036
0.2458878368139267
0.23562955178997733
0.2353040784597397
0.21868089139461516
0.2087873025373979
0.1964236310937188
0.1838096862489527
0.185412137074904
0.2013766960664229
0.17307811298153616
0.15947901701385325
0.1407386064529419
0.13187171125953848
0.12374242815104398
0.11309298141436143
0.09990435256199404
0.09477793594652956
0.08460654088042
0.07881877313960682
0.07291133640842004
0.06411002481525595
0.05436155179684812
0.05157267783175815
0.044262135841629725
0.04249689159068194
0.0393512814221057
0.0360904491760514
0.029829041371968658
0.027090548961000008
0.025418623943220486
0.022619273242625325
0.020151672952554444
0.017867510071532294
0.01574382373893803
0.015029454739256338
0.012660010472278703
0.010220081164416943
0.009663335157727654
0.009233453844419934
0.00872106562283906
0.007187896983867342
0.007096378996290944
0.006434692010622133
0.006084306229075248
0.005865171991965987
0.00586725021712482
0.005355164730413394
0.0053483792622997005
0.0050207494800402356
0.00496914023110135
0.004497777530923485
0.004493933632461862
0.00436611624265259
0.004408861163326285
0.004499749272045764
0.004229228240861134
0.003974856749515642
0.004373834591189569
0.004094844637438655
0.004110934801230376
0.004586089309304953
0.004211828281933611
0.004533567952669479
0.004443688059903004
0.004470814144323495
0.00431972790340131
0.004377409820021554
0.00422623459757729
0.004058849519457329
0.00402583971365609
0.004126688846471635
0.004159133449535478
0.0037876078054647553
0.0037830381336706608
0.0035163047977469185
0.0036778834203935484
0.003812795955772427
0.0037967594742605634
0.0037998334462331098
0.003677634242922068
0.0033517325572161513
0.0034371866611763837
0.003365714644843882
0.0030424314889718187
0.0032844163689085028
0.0028449436797845095
0.0026943942934105343
0.0029292895395139403
0.0026224201566285707
0.002710578205402602
0.002760789564556696
0.0027506409361111846
0.0028279284459792756
0.0029787274839525872
0.002849387385967103
0.0033008969981562007
0.0035884841980243273
0.004048296318135478
0.004442200132391669
0.00506813942285424
0.005311457071961327
0.006122031194073232
0.006979246606880968
0.007436784898692911
0.007990023095838048
0.008086177427321673
0.009654403579506006
0.010477453402497552
0.0101543926210566
0.009628479462116956
0.010542478336190635
0.010490420435301281
0.010219450523568825
0.00967440860007297
0.009079394142397425
0.009275121792134914
0.008300416290082714
0.008562771815129301
0.008034625149924647
0.006636439183388244
0.0065710308749906046
0.006232654489576816
0.0053787566467442295
0.004316733722490343
0.0038980889938433063
0.0032124798236922783
0.003083756489848549
0.0027140920897099105
0.0024577305440536953
0.001779713997067037
0.0016957265409556302
0.001386102588466284
0.0011133256791667505
0.0010007104397201064
0.0008130787945860489
0.0007750235746656968
0.000669528674651784
0.0005623883689457381
0.00045967502307824113
0.00042091121775394475
0.0003703908574111252
0.00031431587703991684
0.0003080521756518547
0.00028294557044070893
0.0002771139520601454
0.0002720009580529718
0.00022192370498404752
0.00023662832510043782
0.00024826298309066754
0.00022473946658217093
0.00021549481409072706
0.00023267257532676343
0.00021025528430155564
0.00020252746127715166
0.00021219425212951716
0.00020128419723319398
0.0001924786512972787
0.0002073306615453806
0.00018035670668310063
0.00019691489525774326
0.00020223751145584338
0.00020317198610758747
0.00019348915467906573
0.00017803399413506585
0.00018343753631184387
0.0002040882788027044
0.00019698213807053187
0.00019292128417873754
0.00020919660601066427
0.00020050119055667893
0.00019673020380485634
0.00020342091090490364
0.00019708622646496886
0.0001859936855246567
0.00019194413458039475
0.00019635725951626558
0.00017734837469602513
0.00017848628168311815
0.00017428352492226458
0.0001690953596897254
0.0001797198877532289
0.0001661445134562779
0.0001590728780932047
0.00014772676143117927
0.0001591278345916759
0.00015445557463945905
0.00014425304504005578
0.00014455534851136193
0.0001306032234093767
0.00012731235394973986
0.00010456817220653068
0.00012675385918224823
0.00013393085649692114
0.00013217615315542472
0.00011941548516254194
0.00010990039571135474
0.00011798795491234738
0.00012292309825583783
0.0001120763436615975
0.00013076961701947518
0.00012593962019309403
0.00014552164793713018
0.00016465448213487187
0.0001849362364737317
0.00018594181165099144
0.00022610416265458547
0.0002960393255555325
0.0004149624112125655
0.0005214355110762303
0.000585491119206629
0.0006258132407145406
0.0006730204977264459
0.0009393478034656833
0.0010679329226894135
0.0013010245821946725
0.001540430814070119
0.0016047562133859503
0.0019448150785385885
0.0020752552621574566
0.002133849982849576
0.0021901350129734385
0.002042463114908473
0.0018907789733599533
0.0017668295619924638
0.001762720250355249
0.001504685581577095
0.0013378074223344976
0.0012252547100863674
0.0010432861068032004
0.000882963219191879
0.0007471712549555708
0.0005837995347312906
0.0004931967618176713
0.00038555027964651923
0.0003032728167123754
0.00026886551614469764
0.00020010119597745044
0.00020775892533658242
0.0001654123602995903
0.0001174287777923217
0.00011012501318790866
8.973581980998543e-05
7.999850495252759e-05
7.41462763637008e-05
6.828363171238875e-05
6.670674424226904e-05
5.350118421616075e-05
5.014978255944284e-05
4.296473023053047e-05
4.350603230705019e-05
5.0506394638267175e-05
3.988129217098256e-05
4.332813964124811e-05
3.8894257291262464e-05
3.757971403088463e-05
3.7905937212847427e-05
3.7119283065707845e-05
3.8690103544716045e-05
4.0003229316260496e-05
3.9074978717094794e-05
3.579309450287838e-05
3.769871977552115e-05
3.8184416486976924e-05
3.466538473730907e-05
4.276154322724324e-05
3.506569873107682e-05
3.656307490018662e-05
4.190260452477642e-05
3.326429981494915e-05
3.269444215137893e-05
4.37003974267017e-05
3.458066173400518e-05
3.5943681657293136e-05
3.821390356196472e-05
3.0395543630716435e-05
3.392840464419516e-05
3.4856453633189877e-05
2.814669579410375e-05
3.0754162335969425e-05
2.8954351182619576e-05
2.6526519914940845e-05
3.105620460039724e-05
2.491534652852517e-05
2.2114802248490213e-05
2.147476091274505e-05
2.3630522065848874e-05
2.81494482888692e-05
2.8820245866385945e-05
2.5189916281802157e-05
3.114162622792223e-05
2.3662675465113185e-05
2.2360929555857597e-05
2.8360451357333327e-05
2.8423795199407985e-05
2.1329402856777463e-05
2.1545815136712257e-05
2.288279733461836e-05
2.4384080048052553e-05
2.7469856848421677e-05
2.786243901275818e-05
3.209038603183051e-05
3.140493820617187e-05
4.614685590654104e-05
5.800089228697206e-05
6.795704797365364e-05
9.436972243499688e-05
0.00012093303150984205
0.00017375503494721753
0.00024823458793848247
0.0003265355409398167
0.0003938576026650315
0.0004991542981852862
0.000705541152274236
0.0008249959119976583
0.0010119682939892466
0.0011897765957242386
0.00146482252642851
0.0018088455322537232
0.0019093469483777881
0.001995046438903294
0.0021274560639126736
0.0021362922069701282
0.0023283743479458447
0.002312674386088144
0.0020358731716193937
0.0020020046588880096
0.001843595669858835
0.0015163719759915364
0.0013019715245305137
0.0013181288885375992
0.001000266009941697
0.0008126410126516765
0.0006844293770634315
0.000531456142727455
0.0005120785853994841
0.0003724136037900197
0.0002599952379982411
0.0001979079579045488
0.0001680373689106835
0.0001426860327641903
0.0001031168470614251
8.56818247649988e-05
8.233807126419958e-05
8.921471625481817e-05
7.189138354574838e-05
5.757199181640648e-05
6.72540887700796e-05
5.249223395367153e-05
4.9242059983291914e-05
4.474471583803692e-05
4.059356554286999e-05
4.045132025732363e-05
4.167756487731822e-05
3.291159004716478e-05
4.0454865368453534e-05
3.175441080119609e-05
3.4564331773171114e-05
3.2954332445197825e-05
3.333818627156275e-05
3.36455930003219e-05
3.252504958998708e-05
3.680042169765908e-05
3.6444828186755664e-05
3.0238696457341906e-05
3.5406066440786656e-05
3.5844202896193815e-05
3.511186812168241e-05
3.9910276593053077e-05
3.01490073814586e-05
3.389286605604205e-05
3.418568124867637e-05
3.0932431681404444e-05
2.8949719324538655e-05
2.7442989366219e-05
3.250018691522366e-05
2.829506884154398e-05
2.6515694695593663e-05
2.73908966185197e-05
2.315159259027992e-05
2.187390547822526e-05
2.1634949966524304e-05
2.1809904220307625e-05
2.0372852800805546e-05
1.8593986450551628e-05
1.93085673923964e-05
1.8623876812026455e-05
1.85326891038461e-05
1.743337936866076e-05
1.596060700731786e-05
1.6106028901545373e-05
1.6344604442896195e-05
1.9357832967547108e-05
1.6904245024885645e-05
1.681183492275357e-05
1.6652944858916187e-05
1.604976731124969e-05
1.7283760412696708e-05
2.0021299910281827e-05
2.0200716111999513e-05
2.5868075698037337e-05
3.185402148863597e-05
3.238190769149118e-05
6.201746311324479e-05
6.624840157614513e-05
0.0001045970111259852
0.00011829011630404487
0.00017054680568187244
0.00022461916616355832
0.0003716757134746083
0.0004352558248104866
