0.08300395971080204
0.06564686101701883
0.06006184487125358
0.05390586318062232
0.053240884431042114
0.05005700862756721
0.047075864917657397
0.04717079826907532
0.04349722563884817
0.04132724118729433
0.04059645578869291
0.04325883387512452
0.03708855552716298
0.03764438271723889
0.03507288969079922
0.034478740078640414
0.03525722807122243
0.031540973221060926
0.030766833179235994
0.030207359047422
0.028936112316342088
0.02731612958181817
0.025842311624269764
0.025186335156159895
0.024954904776972694
0.02202200869450698
0.023938228762163234
0.022731630131602287
0.02118865633802908
0.021783630598571385
0.020385488775466476
0.019205939242834442
0.018881231949136063
0.0187795527136742
0.0181137417854221
0.017107166182081978
0.016960057992118974
0.01704093065482002
0.016887506797305635
0.015851825647693767
0.015715613604632316
0.015529124863311514
0.015179671716314179
0.01497827461073259
0.015095583578521336
0.014598496799432748
0.01458463259460824
0.015008740664065422
0.01448152484456161
0.014666042731118363
