0.10730694992975755
0.06886423054066572
0.06130145937204361
0.04875054921616207
0.038499000160531566
0.0316160702908581
0.030798181959173897
0.02968932031230493
0.02884882420978763
0.029068545285951007
0.025787059420889075
0.026498671079223806
0.023525660078633916
0.023214128240942954
0.02221134572543881
0.020917301354083147
0.02095915615897287
0.019385192746465857
0.019837561198933557
0.01793721519749273
0.02006266594610431
0.01825654867359183
0.018127205764705483
0.016494726440445945
0.015339288945225153
0.01508012872866609
0.014852183362977072
0.013996595025739886
0.013089829649437558
0.01269082518463785
0.011903608429499647
0.011598942750556902
0.011281588165597482
0.010724790910766883
0.01080141006545587
0.010354101971130479
0.009994958171790297
0.009684966021979397
0.009203208119354465
0.008718961494212802
0.008186233577064493
0.008087923758747903
0.007817275559698994
0.008033037634397095
0.007480275512418964
0.007473904139954936
0.007033582192591646
0.00728488423099572
0.007047192125835202
0.007103429658507759
