0.021082121740888665
0.020695628874279833
0.02109770707924057
0.020889548308871412
0.0208018295880821
0.02052761386666033
0.020846358603901334
0.02039446909394529
0.02078421676048526
0.02052865398150903
0.020443307097863267
0.020508488571202313
0.020645247841322864
0.0205766757329305
0.02038963208044017
0.020649796420777286
0.020470371055934165
0.02057938595060949
0.020180135551426146
0.020496748249839852
0.020311558757115294
0.02015036247946598
0.02023515119044869
0.02032459568646219
0.020161078345996362
0.020023457774961437
0.02004300244152546
0.01996778952026809
0.020110413432121277
0.02000126804880522
0.020165886109073956
0.0201155879293327
0.019972385769640957
0.019882593579866267
0.019604612003873895
0.01980850279883102
0.019873219438725047
0.01990173294864319
0.019906604731524433
0.019870205954821023
0.019623969302133278
0.019961722264135326
0.01973840014802085
0.019645194695503625
0.019698527262166695
0.019762504673390476
0.019691097101679555
0.019550311275654368
0.019719391095417517
0.01975019862530408
0.019460160699155595
0.01967788722228121
0.019824236562406575
0.01985923159453604
0.01970087295329129
0.019657848057923494
0.01974711160141009
0.019654595879492937
0.01953244750836381
0.019776094497905836
