0.15665890953757547
0.15711155479604547
0.15449766760522668
0.1542245635932142
0.1500229376283559
0.14105598628520966
0.12427331412380392
0.11082879521630028
0.10606492886489088
0.10270468877120452
0.10045872940258546
0.09667164222760634
0.09018058004704389
0.08466551154851913
0.07594737105748871
0.07069638967514039
0.06859038370576771
0.06553495282476599
0.06406271687962792
0.06370034034956586
0.060564670914953406
0.05997029380364852
0.05615910467776385
0.05532792948863723
0.05402309379794381
0.0521158041940494
0.050307611579244786
0.04953409270806746
0.05024272332137281
0.04851768978617408
0.04716607142578472
0.046473851732232355
0.045342415909875526
0.044627664576877245
0.041408940709450025
0.0403383115475828
0.038960162787274884
0.03662934106859294
0.03735249181362715
0.03652680123394186
0.03590228594839573
0.03437229520217939
0.03376339226961136
0.03343470045788722
0.03209464211355556
0.03152088377286087
0.031241917034441773
0.029763817262243142
0.029975921660661698
0.028667796911163765
0.02864233770153739
0.02737586423754692
0.02708347138356079
0.02730645974251357
0.02670961780981584
0.025492948429151015
0.024510024081576955
0.02356534544378519
0.023886581493372267
0.023612227832729166
0.02249034714292396
0.02299033946950327
0.02230012117123062
0.022454898939891294
0.02265927581624551
0.021453321183269675
0.021781403943896292
0.021181023510342293
0.021215540780262512
0.01959091519767588
0.020530014772984113
0.02074060287665237
0.01911539262668653
0.019656455736945976
0.019160430099476468
0.019389167902144518
0.018426175618713552
0.01771107417615977
0.018348442830822684
0.017017137665640225
0.01700950613753362
0.016378848085349257
0.01757208579643206
0.017083828083493492
0.016466495208442213
0.015985860336910594
0.016087724048305642
0.015478666566989638
0.015536166168749333
0.01586022944274274
0.014787468974563208
0.014783457327972758
0.015274472229860045
0.01522404868155718
0.014877640777690843
0.013835702294653113
0.014512544565580108
0.013524815524843607
0.014175595122982155
0.013876587694341486
0.014090427146716551
0.013239026713100347
0.013589887473393571
0.012734346430410038
0.012744577042758465
0.013143376989120787
0.01319682603193955
0.013078850795599548
0.012628697180612521
0.012120898101817478
0.012078527073291215
0.011882016875527122
0.012310509925538842
0.012573811428790743
0.012219395099038428
0.01114233581518585
0.011312852512029084
0.01210174025459723
0.011009877564554864
0.011104291440411047
