0.09274543300271035
0.07908430302684957
0.07401400553909215
0.06880366111343557
0.0642142999578606
0.058785505389625375
0.05576339228586717
0.050167888606136496
0.0500115077603947
0.04713513736020435
0.04530136558142575
0.04336188923228871
0.042798886583610016
0.04215032021430406
0.03956555040045218
0.038773760470477016
0.0386793602257967
0.037309171801263634
0.03612243438308889
0.03648103465410796
0.03490326648408716
0.03395149064334956
0.03291928202591159
0.03271369697018103
0.0313368467783386
0.03168693906204267
0.031103404408151455
0.030158901824192567
0.029245606301860377
0.028608942675319583
0.027592535147612746
0.028434079038825902
0.026841106367382135
0.027161289649930868
0.02618244964290749
0.02516247294843197
0.024777239628813483
0.025108938427133992
0.02374435565011068
0.023892415941438892
0.02309877628629858
0.0226248809221116
0.023126940361478113
0.02298329509794712
