0.14165745479139416
0.07659004865722223
0.07466734146529978
0.07319850549101829
0.06976823637431318
0.06691625795581124
0.06294071356003934
0.06073958264155822
0.05901866575533694
0.05544950853694569
0.05364628400314938
0.05221251587976109
0.05117141028696841
0.04936764883724126
0.047804244777018376
0.046101599152792584
0.04324002878909761
0.041386780108917845
0.04045358249409632
0.0396243269470605
0.03765399313785813
0.038070336187427695
0.03692606633359736
0.035102813386104326
0.03505939489061182
0.0339422673325647
0.03391845785081386
0.0335860149088231
0.03174408836798234
0.031652340936389835
0.03102966557172212
0.031226408684795554
0.03039241832765666
0.029805681007829578
0.02942755249413577
0.028017272292213007
0.02900504662909291
0.028628275475718758
0.028339251401749525
0.027157771045511418
0.027194106849757108
0.026851463013074613
0.026605904440988194
0.02645047516985373
0.026464891840111127
0.026300963149829343
0.025358234328979795
0.026493862068111246
0.02639982615682212
0.026059883528135038
0.025654589147730306
