0.1558012929829684
0.15479883402585984
0.15255767824974928
0.14847109737721356
0.1428317374803803
0.13416309519247574
0.11965330730785023
0.10553398660638115
0.09381416324864734
0.08688749562610279
0.08149451152844862
0.07752351489934055
0.07710553746331822
0.07477496076713909
0.07359053099697287
0.07307095757939598
0.07013004049658775
0.07024319510568272
0.06792967454953627
0.0671356125311418
0.06710082936015996
0.06453232731331479
0.06357039335099134
0.06583046574484218
0.06315975080836903
0.0620838428762826
0.06012677834792571
0.06084627400745045
0.06103676029226997
0.058672695132819086
0.05665267523039471
0.05938157757574862
0.057395855540579015
0.05652279867367311
0.05627241243015636
0.05581175420771946
0.05642559135502035
0.054170954430645166
0.05374275263060223
0.05198843621394851
0.05423410230062225
0.05164043957536871
0.0522253041240302
0.05197241421450268
0.04885957478122278
0.05040104771879586
0.0486755776473067
0.04989628094163808
0.0476297104223208
0.04714670167727904
0.04726063311100006
0.046891134333881465
0.04615725603970614
0.04566851928830147
0.04434870295226574
0.04554464610462839
0.04436906606636264
0.042481374605135486
0.043608376011252406
0.042960764332251114
0.0424704028124159
0.042621827498078343
0.04225194711576809
0.04039257795295932
0.04082884622568434
0.04098819416355003
0.040627613799138505
0.039324300837787714
0.03863572478294373
0.04085557355799458
0.039351871474222706
0.0382890984416008
0.03688252737576311
0.03807140666652809
0.037643385847861116
0.035932033441283484
0.0351241855120117
0.036935863880948584
0.036000008203766566
0.03513655252754688
0.03525162671100009
0.03408975638449192
0.034654863720590415
0.034066740084778176
0.03400373414836146
0.03296602591872215
0.033079664849422194
0.0327788380059329
0.031915919279510326
0.03278613381765105
0.03168427835811268
0.03158573626794598
0.030884437703273513
0.030585527995770627
0.03007467443292791
0.03048862425441092
0.03029815571551973
0.029984565553340045
0.029307591373270207
0.029950108209794216
0.02992366071451794
0.02855460403317755
0.029359010369940236
0.02803621386939829
0.027872322736815974
0.028768609159372068
0.02880400764671239
0.028200236504728145
0.02767348262396726
0.027086963030424984
0.027902133051644674
0.026752525534142146
0.02689499662003734
0.027007650753313846
0.02609329897571694
0.02741927599365061
0.026519708436998454
0.025848176635124467
0.025105995176868005
0.025377181629565627
