0.10915842313658107
0.07246267348527909
0.056435860016129234
0.048404054275967855
0.04393849003721367
0.034402088888666846
0.03381898484446786
0.03141948909244754
0.029659240388057447
0.028706917505372655
0.025729344615882093
0.025228627838871694
0.023906358246776192
0.02492400754920461
0.022517156499353323
0.021415319581600752
0.021653990261256695
0.020779304680499162
0.018910373476418583
0.018075850656764075
0.0180370118976994
0.016773406331512062
0.01661496116695079
0.015552585436539217
0.014705033363266425
0.014031577178023079
0.013748719170689584
0.013460933061485941
0.012911607308143919
0.011692875115708871
0.011336657371033322
0.011782265234399925
0.011190738655965437
0.010551365346393803
0.01026084092869
0.009986362453888764
0.010425829963589256
0.009749832512302832
0.009803672338073903
0.009839515159414574
0.009417562914842909
0.00960810026153922
0.00982246163555167
0.009843973485244946
0.009694540068845858
0.010041843828829852
0.009712100494652987
0.009917751809751445
0.009851983130316842
0.01006040722978386
0.010185020806437189
0.010312562960792672
0.010643212700431998
0.011839009262621403
0.011973622187294744
0.012458034520122138
0.01316175636920062
0.012642360427840189
0.013367269933223725
0.014026771113276482
0.016987612674182112
0.015686324408108538
0.01624000749804757
0.015784974802624096
0.016402191905812782
0.01685695043680343
0.019573035853152926
0.01617285626178438
0.018290212919766253
0.017646807415241546
0.016833049583841454
0.015704992752183566
0.017032647369937464
0.01618943177163601
0.017257588441399012
0.017238023623146793
0.018887336332012308
0.01878830094567754
0.01678918393498117
0.017455388402396983
0.017012206143276257
0.016756711205975577
0.018100193024358967
0.01752005180513317
0.017743716507472775
0.016264716586606068
0.016029858792370014
0.01513368460265073
0.015002419003708797
0.014121853797273203
0.013313453263518486
0.013819310238415544
0.013607245158742775
0.013024820988489822
0.012147319384596565
0.011767383918843487
0.014484945447607474
0.013060279088941487
0.012699328862469305
0.012201751463792541
0.011292210051959212
0.011206087698651985
0.010444003529846669
0.009823459082029083
0.009541042284532026
0.00917066280645403
0.008595844688401981
0.008520106751133094
0.008126540642909028
0.00797836309806867
0.0074629166925495325
0.007246653354642066
0.007047946564853191
0.006862853679128669
0.00677305811338804
0.006436724385077303
0.006510900003327565
0.006390986752442338
0.006529126108878038
0.006663077646358447
