0.08792838625408508
0.07745202902603794
0.07346715512979138
0.06769568498271543
0.06391444637834488
0.06044253106187056
0.05660877641928089
0.05580610419447358
0.05287764523480389
0.04926375207398926
0.04866650041092087
0.044907889052017314
0.04447517260439224
0.04351575984745412
0.04216657016795498
0.04095639763316056
0.03846357329874425
0.03849299708465198
0.03802764242900922
0.03795903731506687
0.036508451408899585
0.0350184344292224
0.033719729749603314
0.03284991799375495
0.032080214353160816
0.03066721097104721
0.03207802133181611
0.030733338557183743
0.030317027801396074
0.028124820692716417
0.028494759915849648
0.028086885247748713
0.02786012763274951
0.027049221383692982
0.02598399332481193
0.02655612553159396
0.025221816373166738
0.02499740430665714
0.024930381576891418
0.0247608964071349
0.024276535270047618
0.023288941522640688
0.02346318087599299
0.023490911928584445
0.024194886438078708
0.023532068264578376
0.02259089877443002
0.02301252841412484
0.023416054208536406
0.02474314883888305
