0.08395961484125068
0.06436408821258459
0.059297032184429
0.05208222720738467
0.05144561645952431
0.04791341834441499
0.04695845925593161
0.04389181489812898
0.04272299657600957
0.04189914516970381
0.04056456732051866
0.03918805063979046
0.03654151730373636
0.03637110272439213
0.03402630874031299
0.032502745370472874
0.032698542114582146
0.031706885938104744
0.029335548748841155
0.02990238235944563
0.028300535546296888
0.027412382751569018
0.026820997380324313
0.02545030865616895
0.024044484781051003
0.023930080679689977
0.023470066034713306
0.023926139884703868
0.021809679573519272
0.022325850217729003
0.020672130197085237
0.019589203342728248
0.019385885010968457
0.01898258391700618
0.01974409738102475
0.017818774012764833
0.01782112478840727
0.01712291066845258
0.01801583554746734
0.016097601167522034
0.016629059488574665
0.016724564067952266
0.01614079624414444
0.01565488880953273
0.01609319407778146
0.015569425632690525
0.015228483137917949
0.01530673919111356
0.015272799107405517
0.015598298696515796
