0.31680974797769024
0.3167337515137412
0.316510178826072
0.31758623150261966
0.31721426898782906
0.3157610226761211
0.3160240894014185
0.31756061207164415
0.31456784904003143
0.31302339868112045
0.3136240086772225
0.31297554698857394
0.3141673342748122
0.31302676498889925
0.3054406561634757
0.30136251774701206
0.30129676054824484
0.30435334850441326
0.29280913959849963
0.2913444863124327
0.284305706078356
0.28291927603158085
0.2803214073181152
0.2677162381735715
0.24982932833108035
0.24722482020204717
0.23170386877926913
0.2186772113496607
0.20717515999620612
0.20196921608664772
0.19100627790797842
0.1823894216255708
0.17642556835304607
0.17202970493923533
0.16402649920095097
0.15751963447440753
0.15182441527193244
0.14804828505624423
0.13987650708718732
0.13483745875683698
0.12735569179058076
0.12225693992593072
0.12268101125955581
0.1130241873589429
0.1141691041263667
0.11166958727619865
0.10636221671646291
0.10520332875576886
0.10658883777531711
0.10590554624795914
0.10668804957108065
0.10378271449695933
0.1078601360321045
0.10417363887483423
0.10229806710373271
0.10400064303116364
0.10482892746275121
0.10327793468128552
0.09754690595648506
0.09842518419027328
0.091544590822675
0.08388039110736413
0.08038741932673887
0.0811560651118105
0.07544488006017425
0.07446467625823888
0.07685059864412655
0.07298871488733726
0.07331463355909694
0.07250194109298966
0.08679905696348711
0.0806923005391251
0.09200442921031605
0.09372458207336339
0.09695808379487558
0.09716641333970157
0.08910014351660556
0.09484316577965562
0.09334116598421877
0.09544213522564281
0.0943983907726678
0.09109905944629149
0.09965705214576288
0.08839801008051092
0.08730123733932321
0.09096997502175244
0.0847573733465238
0.07944928143512119
0.07562513757835734
0.07300443805076859
0.07446050847118552
0.07366814904592255
0.063069993799383
0.05849488939751278
0.05699991238388148
0.05131557177413593
0.04411304525353692
0.04258698147128929
0.04214488386430524
0.039488717676563694
0.0325156339190223
0.03065352761609988
0.03119500411505049
0.02735366922887889
0.02433531204746528
0.021830698509107935
0.01958349347114563
0.017910434745929456
0.01573588673702695
0.015105019526725466
0.012460884722796354
0.012068440087816932
0.010775871541012417
0.008927678985690529
0.007383112981915474
0.0075371368534185666
0.0061693701977756895
0.005349559082903645
0.004944781061600555
0.004190506252714179
0.003444523787633939
0.003124093289741061
0.002638215863738548
0.00242757605261762
0.0021103853804313325
0.0018214661490426145
0.001656108374961398
0.0014064880871129306
0.001256852679547261
0.0011445512518879365
0.000997312924168496
0.0010369913070462644
0.000897203444566747
0.0008139771419915963
0.0008015765025365082
0.0007765609114854173
0.0007593993880701335
0.0007010476880664514
0.0006919841054530644
0.0007506232015492225
0.0006882421656469391
0.0006121159652883018
0.0006103324725038626
0.0006021948462479155
0.0006142829409906302
0.0005489409726578742
0.0005829731917897747
0.0005903192197861658
0.0005963521181415258
0.0006147743578449907
0.0006096671597333625
0.0006235728728246282
0.0005929954889738425
0.0006328879887322811
0.0005995100020134652
0.0005727251478343864
0.0006531305121660064
0.0005378624839729375
0.000538431208009239
0.0005817051172595133
0.0005823357776865702
0.0006435855275908993
0.0006147796833168038
0.0005551250736144455
0.0005270998985824091
0.0005914104091723195
0.0005174507196484641
0.0004582839250691574
0.0004470593166347085
0.00048821514355950056
0.0004630821103505282
0.00047694607743654737
0.0004476791372078217
0.0004163981264520606
0.00041739629549820994
0.00034832420510197567
0.00035087218539873983
0.0003347385010618547
0.0003536453679606149
0.0003175548939246007
0.0003343269123103131
0.0003125234774250368
0.0002951557496668432
0.0002727787409887903
0.00026204869434216316
0.00025389055954292414
0.00028022357807706367
0.0003018156831703064
0.0003303448285971006
0.00037341409135313537
0.00040032076464161615
0.000421876241505908
0.0005941985868213867
0.0004983037302736193
0.0006507771909871901
0.0006548240312523293
0.0007432983330958946
0.0009904005961619657
0.0011718265447680923
0.0013484494485469028
0.001418980633289638
0.001527126879558306
0.0014718032971193845
0.0014381055656651205
0.0016751292532055893
0.0015421081450767815
0.0013651654357090593
0.001556511965199289
0.0014984099533070217
0.0014622418061745438
0.0014441069279035384
0.0013840120195792141
0.00128318333723159
0.0010203654168766331
0.0009150537312962115
0.0008389685022517701
0.0006601900894152509
0.0006075198717140169
0.0004541930639375509
0.00045549406865823337
0.00038345685911322523
0.00030515394874700263
0.0002302654602152126
0.00021940080888188359
0.00018806552146667275
0.0001389905713784339
9.755982411496172e-05
8.691082885806364e-05
8.59727170212533e-05
6.270142578366425e-05
5.575270221346397e-05
5.668658982771872e-05
3.966019969745751e-05
3.436239137293094e-05
3.589776257616574e-05
3.08034323759123e-05
2.8196457705317616e-05
2.8610607378967954e-05
2.8714866659191267e-05
2.7514444363160608e-05
2.351738945766225e-05
2.8126727292229508e-05
2.4220237934390423e-05
2.5483853030230172e-05
2.0943823156730186e-05
2.2567623388815926e-05
2.2641480096684642e-05
2.5971344555066688e-05
2.0167800506566313e-05
2.2863092652352697e-05
2.2280790471995714e-05
2.3863485065786252e-05
2.300400370917156e-05
2.4138849634751255e-05
2.3046167635501742e-05
2.234753632034302e-05
2.5459467377169693e-05
2.159549863294656e-05
2.262743564642733e-05
2.316237866001426e-05
2.0529398997578856e-05
2.0349968525062486e-05
1.811542685820975e-05
1.9581032880854433e-05
2.0019517333738886e-05
1.9934144446861782e-05
2.0875732016892552e-05
2.0234015863190342e-05
1.897340587840352e-05
1.75933944939805e-05
1.6350684844920497e-05
1.6151198707864916e-05
1.5880048522376455e-05
1.5872993489293467e-05
1.3957669571854322e-05
1.3981047694952312e-05
1.2754408974367173e-05
1.3459828212283107e-05
1.0438850371098273e-05
1.0988395450278238e-05
9.931184926740984e-06
1.1358205384484873e-05
9.86590873501634e-06
1.0185411015713312e-05
9.287430769042906e-06
8.031113963046333e-06
9.220905431820111e-06
9.839525368575282e-06
1.0208859157501137e-05
8.905950347649526e-06
7.897896714646116e-06
9.520704406895674e-06
1.129830535650068e-05
1.0957636748736893e-05
1.3202726313465973e-05
1.3384528748164567e-05
1.4229453923193928e-05
2.114858798449859e-05
2.6447073386489966e-05
2.9429515829674943e-05
