0.07441149286248468
0.04891287196766247
0.04137492897835645
0.037817082350904294
0.03769779682836749
0.035254761915315284
0.03419159945439209
0.03241155719892545
0.030514788458293134
0.03009498766200109
0.02966969758272171
0.028441732342947612
0.027308204092762686
0.026343961838971485
0.026111243732950904
0.02416695664552125
0.024437933550639585
0.024111298014494506
0.023477200147780507
0.02292785793542862
0.021574270149523563
0.021932844512841918
0.02141325326467102
0.019579239020293408
0.02050974140451713
0.018812492015686903
0.018351826393468815
0.018466451781039887
0.017578373493796044
0.017517842233858324
0.01618477414277467
0.016553582725199786
0.01601051982830871
0.015244617228480903
0.015069002675061876
0.014792383021929048
0.014629989997907118
0.014252964576536959
0.013936744317073714
0.013804130611771886
0.013425700400363316
0.01347293198447336
0.013019634961065922
0.012999796291643924
0.013179325075312094
0.013005862554365939
0.0130356963977895
0.012436668921939351
0.012941636178981175
0.012785770219158043
