0.15488866797170123
0.1463517520476032
0.12667730920486622
0.09796075422216106
0.07631525830239863
0.061968476788417715
0.054991781610894845
0.04800568061234715
0.04346394382819936
0.03983741973501605
0.036261504516005516
0.03461139697816458
0.03138361350205299
0.029782907248617294
0.02660369607074572
0.025373696332780627
0.024180717481014965
0.022462648473814264
0.021416032712000446
0.02089644031313894
0.019545284259292455
0.0186774379590543
0.017769858950061036
0.016893084236496204
0.015618233446468104
0.015691881781225808
0.014648416062800197
0.013994078164467134
0.013557755472222427
0.01364228548901575
0.013492436978865313
0.012256353984477822
0.011942812417810028
0.011448819160897721
0.011326954918200368
0.011114521598158119
0.010468305008871867
0.009681227512087102
0.010155779053666839
0.009652375142920661
0.009638054149544186
0.008951868459179595
0.0083018755833912
0.008367044192545855
0.008356848966565219
0.008551175341110778
0.00844353003645534
0.008365531926051722
0.008198184028334983
0.007975985275094842
0.008273112621191923
0.007960916662521593
0.00767380874268375
0.007656399275990085
0.007705917925917887
0.007534196457682966
0.007551138945813249
0.0077113502382023915
0.007117341641705853
0.007284720086383524
0.006885545084940958
0.007111374284602232
0.0069152902673325824
0.006886763034623351
0.006870122527837887
0.0066893714887031296
0.006866444409866859
0.006405276967934123
0.0063404313452239775
0.006417068482905223
0.00646602984954108
0.006354316066413581
0.006472268445954264
0.006267034278779819
0.006515167452193596
0.00608199259459234
0.006145194678374373
0.006255389457602087
0.006079738605180168
0.0060812366920783446
0.006133565207238536
0.006066801829834108
0.005928181292203901
0.006063516132181158
0.005658771120104099
0.0056833258267861226
0.006028826325410255
0.0057141012554098895
0.005816353224889115
0.005665711653712499
0.005356030891070495
0.005758017809172203
0.005285797076434031
0.005528137863924106
0.005754986490534099
0.005533228548629595
0.0055809865164495
0.005320728718731049
0.005611950177112007
0.005249545034776266
0.005233814505658843
0.005332758308279219
0.005302797149245937
0.005257078840791642
0.0051659580009679
0.005020143384499861
0.0049747135972620935
0.005074255290097213
0.005037847868594769
0.00509008885411596
0.004998363705502974
0.005051638612204844
0.004976683432605487
0.00510581941889213
0.0050511765944024735
0.005229135020845779
0.004899649270432624
0.004938731135733359
0.004862896034594726
0.004786605745352604
