0.08832491994709582
0.0650531253567687
0.057116143975977425
0.048838857729155735
0.044919106723354744
0.04208318023262797
0.039843445425634984
0.0407107270549278
0.039278148816109776
0.034895860430625106
0.03472774791287946
0.0351155939688151
0.03251899355133106
0.03385851324141562
0.029948532505816704
0.029779427181425934
0.027825639918782154
0.026556453675971373
0.027636082968800456
0.0250580994127033
0.024478910918775444
0.02381240196425367
0.02354292212440087
0.02259459805481874
0.021387443416290456
0.0230206544133457
0.021096639175739913
0.020369097624007647
0.0197969977953681
0.019825431576988718
0.01855755017583703
0.018665099298363335
0.018269114548692834
0.01716678087003865
0.017531866778258805
0.016775886033166636
0.01629750792205602
0.0159108013183147
0.016180581341891945
0.015782915559169407
0.01575237634667271
0.015222333904422887
0.015427506050548039
0.014735683215664583
0.014615733042225108
0.014857197507611802
0.014301540367808696
0.014390961199931733
0.014121766340591618
0.01443305282291394
